607
2 1 4 6 5 7 8 9 3

real    0m0.005s
user    0m0.000s
sys     0m0.003s
marcoantunes@Marco:~/ASA/projeto/asa_projeto_1$ cd ..
marcoantunes@Marco:~/ASA/projeto$ g++ gerador_p1.cpp -o gerador_p1
marcoantunes@Marco:~/ASA/projeto$ ./gerador_p1 50 500
50
197 114 281 202 55 64 261 37 63 262 468 356 422 326 195 354 281 486 41 437 91 193 486 88 264 149 455 121 124 71 152 172 184 432 373 91 495 485 479 409 98 446 265 19 124 311 372 404 148 265
marcoantunes@Marco:~/ASA/projeto$ ./gerador_p1 50 500 > asa_projeto_1/teste.txt

25796925
3 4 5 9 8 10 11 12 7 6 23 22 21 20 19 25 26 28 27 24 33 37 38 36 35 34 32 31 30 39 29 18 17 16 15 14 13 41 44 45 43 42 40 47 48 46 2 49 50 1

real    0m0.005s
user    0m0.003s
sys     0m0.002s

marcoantunes@Marco:~/ASA/projeto$ ./gerador_p1 500 5000 > asa_projeto_1/teste.txt

26933330893
11 13 12 10 9 8 7 6 5 4 16 15 17 18 19 20 21 22 23 24 25 26 27 29 28 30 31 41 40 42 43 39 38 45 53 54 55 57 59 61 62 60 58 63 64 67 66 70 82 88 87 86 85 84 83 81 80 90 91 92 94 93 96 95 99 100 107 108 106 115 119 120 123 128 133 132 135 136 137 140 141 143 144 145 150 151 152 154 155 156 158 157 160 162 166 167 168 170 173 175 176 174 172 178 180 179 177 183 182 187 188 190 189 193 192 195 196 194 198 199 200 197 202 207 206 205 211 215 214 213 217 221 220 219 224 223 225 226 222 231 230 239 238 240 237 236 235 234 242 241 243 245 246 244 247 249 250 248 253 257 258 256 255 254 252 251 233 232 229 228 227 218 216 212 210 209 208 204 203 201 191 186 185 184 181 171 169 165 164 163 161 159 153 149 260 261 263 262 259 266 267 265 268 264 270 269 271 273 272 275 274 277 276 278 279 281 280 284 286 287 288 307 315 314 313 316 318 317 319 320 321 323 322 326 325 328 329 333 332 335 336 334 331 339 341 340 338 344 347 346 345 343 349 354 353 352 351 350 348 342 337 330 327 324 356 358 357 355 312 311 310 309 308 306 305 304 303 302 301 300 299 298 297 296 295 294 293 292 291 290 289 285 283 282 148 147 146 142 139 138 134 131 130 129 127 126 125 124 122 121 118 117 359 360 361 363 364 367 366 365 362 116 114 113 112 111 368 110 109 374 373 372 371 376 379 378 381 380 383 382 386 385 384 388 390 391 392 389 387 377 375 370 369 105 104 103 394 393 397 404 403 402 401 400 408 409 407 410 406 405 411 414 416 415 413 412 399 398 418 419 420 432 431 430 429 428 427 426 425 424 423 422 421 417 396 395 102 101 98 97 89 79 78 77 76 75 74 73 72 71 69 68 65 56 52 51 50 49 48 47 46 44 37 36 35 34 33 436 438 439 437 445 444 447 446 450 455 456 458 457 454 453 452 459 460 463 462 461 464 465 466 467 469 470 468 451 449 448 443 472 471 473 475 476 477 479 478 474 480 481 483 484 485 482 491 494 493 499 498 497 496 495 492 490 489 488 487 486 442 441 440 435 434 433 32 14 3 2 1 500

real    0m0.370s
user    0m0.366s
sys     0m0.004s

marcoantunes@Marco:~/ASA/projeto$ ./gerador_p1 5000 5000 > asa_projeto_1/teste.txt
267340670422
1 3 5 7 8 10 9 15 14 19 24 23 22 21 26 28 27 29 31 30 25 20 18 17 34 33 36 38 39 46 49 52 54 59 60 58 57 56 65 66 64 63 62 68 67 70 72 75 74 73 71 69 78 77 80 79 76 61 55 53 51 82 85 89 93 95 96 94 92 91 98 104 106 105 109 112 115 119 132 134 137 136 135 151 152 156 155 161 166 165 172 173 175 176 182 181 186 187 190 192 191 193 195 196 198 197 201 200 207 219 220 222 223 225 231 230 229 228 227 233 234 236 238 237 235 232 240 244 243 250 249 248 247 246 252 251 245 254 256 255 258 259 257 253 242 241 263 264 262 269 268 271 270 267 266 265 261 260 239 273 274 275 277 276 279 278 281 282 280 283 284 292 295 294 293 291 298 299 303 304 305 306 307 310 314 313 312 316 315 317 318 311 320 326 325 337 338 339 341 342 344 343 349 351 352 350 348 347 346 353 345 356 358 357 361 360 363 364 367 366 365 362 368 359 369 370 371 372 375 374 378 379 384 386 387 389 393 392 391 390 404 407 406 409 410 411 408 412 413 416 415 423 425 428 429 437 438 439 441 443 444 453 457 465 464 463 462 461 469 468 472 476 478 477 475 474 480 481 484 483 485 482 479 473 471 470 467 487 488 489 496 502 501 504 505 513 512 514 511 510 524 523 526 528 530 533 532 531 543 545 546 548 554 553 557 562 561 560 559 558 556 564 566 567 574 573 572 571 570 569 568 565 576 575 582 584 583 588 587 586 585 581 591 594 595 593 600 609 610 614 615 619 621 620 623 622 624 634 633 632 631 639 638 649 648 647 646 645 644 643 642 641 640 650 651 652 653 654 656 658 657 659 660 655 637 636 666 671 670 669 668 667 665 664 663 662 661 635 630 629 673 676 675 674 672 678 679 677 681 680 628 627 626 625 618 617 616 613 612 611 608 607 606 605 604 603 602 601 599 598 683 682 684 685 597 596 592 590 589 580 579 578 577 563 555 687 688 689 691 690 692 686 552 551 550 549 547 544 542 541 540 539 538 537 536 535 534 529 527 525 522 521 520 519 518 517 516 515 509 508 507 506 503 500 499 498 497 495 494 493 492 491 490 486 466 460 459 458 456 455 454 452 451 450 449 448 447 446 445 442 440 436 435 434 433 432 431 430 427 426 424 422 421 420 419 418 694 698 697 696 695 693 417 414 405 403 402 401 400 399 398 397 396 395 394 388 385 700 703 702 701 699 383 382 705 708 707 719 721 727 726 725 724 723 722 730 736 737 735 739 742 741 746 745 744 743 740 738 734 733 732 731 729 728 720 718 717 747 749 748 752 754 753 751 750 755 756 758 760 762 761 765 764 763 759 757 768 770 771 772 773 774 775 776 780 779 778 777 781 785 784 787 790 795 794 793 792 796 797 799 803 802 801 800 798 791 804 806 808 809 815 814 813 812 811 817 818 820 825 824 827 828 845 844 843 847 848 855 854 857 863 864 865 866 867 871 873 874 875 876 877 883 890 889 888 892 893 894 898 900 902 901 904 911 915 916 914 913 918 920 921 919 926 927 928 931 934 933 932 941 940 939 938 943 945 953 952 954 955 961 965 964 968 967 969 970 966 971 963 974 973 975 978 982 984 985 986 990 994 995 998 1000 1002 1001 999 1004 1008 1009 1007 1012 1011 1013 1018 1017 1016 1015 1014 1010 1020 1019 1023 1022 1021 1026 1025 1024 1027 1028 1006 1030 1032 1034 1033 1035 1036 1031 1029 1005 1003 1038 1039 1042 1041 1040 1043 1037 997 996 993 1045 1046 1044 1047 1049 1052 1057 1059 1060 1058 1071 1082 1081 1084 1087 1088 1091 1090 1097 1098 1096 1095 1094 1093 1092 1107 1108 1112 1111 1110 1115 1114 1124 1123 1126 1129 1132 1131 1133 1136 1138 1139 1140 1143 1142 1141 1137 1144 1146 1145 1149 1152 1151 1150 1148 1155 1167 1168 1169 1166 1165 1174 1177 1179 1178 1184 1183 1187 1186 1185 1182 1191 1192 1195 1194 1193 1199 1198 1197 1196 1190 1189 1188 1181 1180 1176 1175 1173 1172 1171 1170 1164 1163 1162 1161 1160 1159 1158 1157 1156 1154 1153 1147 1135 1134 1130 1128 1127 1125 1122 1121 1120 1119 1118 1117 1116 1113 1109 1106 1105 1104 1103 1201 1202 1204 1203 1205 1207 1206 1200 1102 1209 1210 1208 1101 1100 1212 1211 1214 1218 1217 1216 1215 1213 1222 1221 1220 1225 1226 1224 1223 1228 1229 1234 1233 1232 1231 1230 1227 1236 1237 1235 1239 1238 1219 1241 1244 1243 1242 1248 1247 1246 1245 1240 1250 1252 1251 1254 1253 1249 1257 1256 1255 1261 1260 1259 1262 1263 1264 1258 1265 1266 1267 1268 1269 1271 1272 1270 1273 1277 1276 1275 1274 1278 1281 1280 1279 1283 1284 1282 1287 1286 1290 1289 1288 1297 1296 1295 1294 1301 1300 1299 1298 1303 1305 1306 1307 1308 1310 1309 1312 1314 1313 1316 1327 1334 1337 1336 1335 1339 1342 1341 1340 1338 1349 1351 1355 1359 1358 1357 1356 1354 1353 1352 1350 1348 1347 1346 1345 1344 1343 1333 1332 1331 1330 1329 1328 1326 1325 1324 1323 1322 1321 1320 1319 1318 1317 1361 1362 1363 1364 1360 1366 1368 1369 1367 1371 1372 1370 1365 1315 1311 1304 1302 1293 1292 1291 1285 1099 1089 1086 1085 1083 1080 1079 1374 1380 1379 1385 1386 1384 1393 1394 1395 1397 1396 1399 1400 1401 1398 1402 1404 1403 1406 1405 1409 1408 1407 1418 1423 1422 1421 1420 1419 1440 1439 1443 1444 1445 1442 1447 1449 1450 1448 1446 1441 1438 1437 1436 1457 1465 1464 1463 1467 1475 1474 1473 1481 1482 1485 1493 1492 1495 1497 1498 1499 1496 1494 1491 1490 1489 1488 1487 1486 1484 1483 1480 1479 1478 1477 1476 1472 1471 1470 1469 1468 1466 1462 1461 1460 1459 1458 1456 1455 1454 1453 1452 1451 1435 1434 1433 1432 1431 1430 1429 1428 1427 1426 1425 1424 1417 1416 1415 1414 1413 1412 1411 1410 1392 1391 1390 1389 1388 1387 1383 1382 1381 1378 1377 1376 1375 1373 1078 1077 1076 1075 1074 1073 1072 1070 1069 1068 1067 1066 1065 1064 1063 1062 1061 1056 1055 1054 1053 1051 1050 1048 992 991 989 988 987 983 981 980 979 977 976 972 962 960 959 958 957 956 951 950 949 948 947 946 944 942 937 936 935 930 929 925 924 923 922 917 912 910 909 908 907 906 905 903 899 897 896 895 891 887 886 885 884 882 881 880 879 878 872 870 869 868 862 861 860 859 858 856 853 852 851 850 849 846 842 841 840 839 838 837 836 835 834 833 832 831 830 829 826 823 1501 1502 1503 1504 1500 1509 1512 1511 1515 1523 1530 1529 1528 1531 1537 1536 1535 1541 1540 1539 1546 1548 1549 1550 1555 1554 1559 1563 1562 1561 1560 1558 1557 1556 1553 1552 1551 1547 1545 1566 1565 1567 1568 1570 1569 1572 1573 1574 1576 1575 1571 1577 1578 1579 1580 1586 1591 1593 1592 1590 1598 1597 1596 1595 1599 1603 1602 1601 1606 1605 1607 1608 1609 1611 1613 1612 1610 1604 1600 1594 1615 1617 1622 1621 1620 1619 1618 1616 1623 1624 1628 1627 1626 1625 1629 1632 1635 1634 1637 1638 1640 1642 1641 1645 1646 1647 1648 1649 1650 1644 1653 1652 1654 1656 1658 1659 1657 1660 1661 1655 1651 1662 1663 1665 1664 1667 1668 1666 1643 1639 1670 1674 1673 1680 1681 1683 1684 1687 1695 1705 1707 1706 1704 1703 1702 1701 1700 1699 1698 1697 1696 1694 1693 1709 1708 1710 1712 1714 1713 1711 1716 1715 1720 1725 1724 1723 1722 1721 1728 1730 1729 1727 1732 1733 1734 1737 1738 1739 1736 1735 1731 1726 1719 1718 1742 1743 1744 1745 1746 1741 1749 1748 1747 1750 1752 1753 1754 1751 1757 1756 1759 1758 1755 1740 1717 1692 1766 1765 1764 1763 1762 1774 1775 1777 1776 1779 1780 1778 1773 1772 1771 1782 1783 1784 1785 1786 1796 1795 1794 1799 1800 1798 1801 1808 1813 1815 1816 1821 1822 1820 1825 1826 1824 1830 1829 1828 1827 1823 1819 1832 1833 1834 1835 1836 1837 1831 1838 1842 1843 1841 1840 1845 1844 1839 1818 1846 1847 1848 1849 1850 1851 1853 1857 1860 1863 1862 1861 1864 1880 1879 1878 1882 1883 1884 1881 1877 1891 1895 1897 1896 1894 1893 1892 1890 1899 1901 1900 1902 1903 1906 1905 1908 1917 1916 1915 1925 1924 1923 1932 1935 1934 1933 1931 1938 1937 1940 1941 1939 1943 1942 1945 1947 1948 1946 1949 1951 1952 1954 1953 1950 1944 1936 1956 1958 1957 1955 1930 1929 1928 1927 1926 1922 1921 1920 1919 1918 1914 1913 1912 1911 1910 1909 1907 1904 1898 1960 1961 1962 1959 1963 1969 1968 1970 1967 1966 1965 1964 1971 1973 1972 1976 1975 1974 1978 1979 1983 1982 1981 1980 1977 1985 1987 1986 1984 1988 1990 1991 1992 1989 1995 1994 2000 2006 2013 2014 2012 2011 2010 2009 2008 2007 2005 2004 2003 2002 2001 1999 1998 1997 1996 1993 1889 1888 1887 1886 1885 1876 1875 1874 1873 1872 1871 1870 1869 1868 1867 1866 1865 1859 1858 2015 1856 2018 2017 2020 2022 2023 2025 2024 2021 2027 2026 2019 2032 2031 2030 2034 2038 2037 2036 2039 2035 2033 2029 2041 2042 2040 2045 2044 2043 2046 2047 2051 2050 2049 2048 2055 2056 2054 2053 2052 2028 2016 1855 1854 1852 2058 2059 2061 2060 2057 1817 1814 1812 1811 1810 1809 1807 1806 2063 2087 2089 2088 2091 2090 2094 2093 2096 2095 2100 2099 2098 2104 2107 2106 2105 2103 2109 2112 2111 2110 2108 2102 2101 2097 2114 2115 2117 2120 2123 2122 2125 2126 2127 2128 2129 2138 2141 2145 2144 2143 2147 2146 2149 2148 2151 2152 2153 2154 2155 2157 2158 2156 2159 2160 2150 2164 2163 2162 2165 2161 2166 2168 2172 2171 2170 2169 2167 2174 2173 2176 2179 2178 2181 2180 2186 2185 2184 2183 2182 2177 2175 2188 2187 2190 2189 2191 2193 2197 2196 2195 2194 2192 2142 2140 2139 2137 2136 2135 2134 2133 2132 2131 2130 2199 2198 2203 2205 2207 2213 2212 2211 2210 2209 2208 2206 2215 2216 2218 2217 2219 2220 2221 2222 2223 2214 2204 2226 2227 2225 2229 2228 2224 2230 2232 2231 2234 2235 2236 2237 2238 2240 2241 2239 2242 2233 2243 2244 2246 2245 2249 2248 2247 2252 2251 2256 2255 2257 2254 2259 2260 2258 2261 2264 2263 2265 2267 2266 2270 2269 2272 2271 2268 2274 2275 2278 2277 2280 2281 2279 2276 2273 2262 2253 2250 2202 2201 2200 2283 2282 2284 2287 2286 2289 2290 2291 2288 2285 2293 2294 2295 2292 2297 2296 2124 2121 2119 2118 2116 2113 2300 2301 2299 2298 2302 2303 2304 2306 2305 2308 2310 2309 2314 2315 2313 2312 2311 2317 2316 2318 2319 2337 2338 2339 2340 2341 2343 2344 2342 2336 2352 2351 2354 2357 2363 2373 2374 2372 2376 2375 2371 2370 2369 2368 2367 2366 2365 2364 2362 2361 2360 2359 2358 2356 2355 2353 2350 2349 2348 2347 2346 2345 2335 2334 2333 2332 2331 2330 2329 2328 2327 2326 2325 2324 2323 2322 2321 2320 2379 2378 2383 2382 2381 2380 2377 2307 2092 2387 2388 2386 2385 2390 2389 2392 2396 2398 2397 2395 2394 2393 2400 2399 2401 2404 2403 2402 2391 2384 2406 2405 2408 2410 2409 2411 2407 2415 2414 2413 2412 2086 2085 2084 2416 2424 2430 2429 2432 2436 2438 2439 2444 2447 2446 2448 2449 2456 2457 2455 2454 2453 2452 2451 2450 2458 2460 2459 2462 2463 2461 2466 2467 2469 2470 2468 2465 2473 2472 2471 2464 2474 2476 2477 2475 2445 2480 2479 2478 2486 2497 2498 2496 2499 2495 2501 2504 2506 2515 2517 2518 2520 2521 2522 2524 2529 2528 2534 2536 2537 2535 2533 2539 2541 2540 2543 2542 2546 2545 2544 2548 2550 2549 2547 2538 2532 2531 2530 2527 2526 2525 2523 2519 2516 2514 2513 2512 2511 2510 2509 2508 2507 2505 2503 2502 2500 2494 2493 2492 2491 2490 2489 2488 2487 2485 2484 2483 2482 2481 2443 2442 2441 2440 2437 2435 2434 2433 2431 2428 2427 2426 2425 2423 2422 2421 2420 2419 2418 2417 2083 2082 2081 2080 2079 2078 2077 2076 2075 2074 2073 2072 2071 2070 2069 2068 2067 2066 2065 2064 2062 1805 1804 1803 1802 1797 1793 1792 1791 1790 1789 1788 1787 1781 1770 1769 1768 1767 1761 1760 1691 1690 1689 1688 1686 1685 1682 1679 1678 1677 1676 1675 1672 1671 1669 1636 1633 1631 1630 1614 1589 1588 1587 1585 1584 1583 1582 1581 1564 2553 2552 2554 2555 2551 1544 2559 2560 2561 2558 2557 2556 1543 2564 2563 2565 2568 2567 2571 2572 2573 2574 2570 2569 2566 2562 2576 2579 2585 2584 2583 2582 2581 2580 2578 2577 2575 2587 2588 2586 2589 2590 2592 2595 2600 2599 2598 2602 2601 2604 2606 2605 2603 2597 2596 2607 2594 2593 2591 1542 1538 1534 1533 1532 1527 1526 1525 1524 1522 1521 1520 1519 1518 1517 1516 1514 1513 1510 1508 1507 1506 1505 822 821 819 816 810 807 805 789 788 786 783 782 769 767 766 716 715 714 713 712 711 710 709 706 704 381 380 377 376 373 355 354 340 2608 2609 336 335 2612 2611 2610 2617 2620 2619 2618 2616 2615 2614 2613 334 333 332 331 330 329 328 327 324 323 322 321 319 309 308 302 301 300 297 296 290 289 288 287 286 285 272 226 224 221 218 217 216 215 214 213 212 211 210 209 208 206 205 2622 2625 2624 2623 2621 2629 2628 2627 2631 2630 2633 2638 2641 2642 2644 2645 2643 2649 2653 2652 2651 2650 2654 2648 2647 2646 2640 2639 2637 2636 2635 2634 2632 2657 2656 2655 2626 204 203 202 199 2658 194 2659 2660 2662 2661 2664 2663 2669 2672 2671 2674 2675 2673 2678 2679 2677 2676 2670 2668 2667 2688 2689 2692 2691 2690 2694 2695 2699 2698 2701 2716 2720 2719 2718 2721 2717 2723 2730 2729 2740 2741 2746 2752 2755 2756 2761 2760 2762 2759 2768 2767 2771 2776 2775 2777 2774 2779 2784 2787 2786 2792 2791 2790 2793 2789 2788 2785 2783 2782 2781 2780 2778 2773 2772 2770 2769 2766 2765 2764 2763 2797 2802 2804 2810 2809 2815 2819 2831 2830 2829 2828 2827 2835 2841 2843 2848 2849 2847 2846 2845 2850 2844 2842 2854 2853 2852 2851 2840 2839 2838 2856 2858 2860 2864 2865 2882 2881 2880 2879 2878 2877 2883 2884 2885 2886 2889 2895 2896 2897 2899 2898 2894 2893 2909 2910 2913 2912 2919 2932 2934 2935 2936 2933 2931 2930 2938 2939 2941 2940 2942 2937 2952 2953 2958 2959 2960 2957 2956 2955 2962 2976 2980 2979 2981 2982 2978 2984 2985 2987 2988 2986 2990 2994 2995 2997 2996 3003 3008 3007 3006 3005 3004 3002 3001 3010 3011 3009 3013 3014 3018 3017 3016 3015 3012 3020 3019 3022 3026 3028 3032 3037 3042 3048 3050 3058 3066 3067 3069 3071 3073 3072 3077 3076 3078 3083 3082 3084 3086 3087 3089 3092 3093 3095 3097 3096 3094 3091 3090 3088 3099 3100 3101 3098 3085 3104 3105 3103 3107 3106 3109 3112 3116 3117 3118 3119 3124 3123 3126 3127 3128 3125 3143 3144 3149 3148 3150 3152 3153 3154 3151 3156 3161 3162 3163 3164 3160 3159 3158 3165 3157 3155 3167 3174 3173 3176 3175 3172 3171 3178 3180 3179 3182 3184 3191 3193 3194 3198 3200 3202 3201 3210 3212 3217 3220 3221 3224 3225 3227 3226 3229 3228 3231 3230 3233 3232 3223 3222 3219 3218 3216 3215 3214 3235 3242 3247 3251 3250 3257 3259 3258 3256 3266 3265 3268 3270 3274 3273 3272 3271 3269 3267 3264 3263 3262 3261 3260 3255 3254 3253 3252 3249 3248 3246 3245 3244 3243 3241 3240 3239 3238 3237 3236 3234 3213 3211 3209 3208 3207 3206 3205 3204 3203 3199 3197 3196 3195 3192 3190 3189 3188 3187 3186 3185 3183 3181 3177 3170 3169 3168 3166 3147 3146 3145 3142 3141 3140 3139 3138 3137 3136 3135 3134 3133 3132 3131 3130 3129 3122 3121 3120 3115 3114 3113 3276 3278 3277 3275 3111 3280 3279 3110 3108 3102 3081 3080 3079 3075 3074 3070 3068 3065 3064 3063 3292 3291 3290 3289 3288 3287 3286 3302 3307 3315 3316 3322 3321 3320 3319 3324 3325 3326 3328 3331 3341 3343 3342 3352 3357 3360 3364 3363 3362 3366 3367 3368 3365 3361 3359 3358 3356 3355 3354 3370 3371 3373 3372 3374 3376 3379 3378 3377 3375 3381 3380 3369 3383 3384 3394 3393 3396 3395 3401 3404 3403 3402 3400 3399 3398 3397 3406 3411 3410 3409 3408 3407 3405 3413 3416 3415 3420 3419 3418 3417 3414 3412 3421 3392 3391 3422 3424 3425 3427 3428 3430 3431 3429 3426 3434 3433 3438 3437 3436 3435 3432 3423 3440 3441 3442 3439 3390 3389 3388 3444 3445 3447 3448 3446 3461 3460 3466 3472 3476 3475 3479 3482 3489 3492 3493 3495 3503 3506 3516 3515 3518 3517 3520 3519 3514 3513 3512 3511 3510 3509 3521 3508 3507 3505 3525 3524 3526 3523 3522 3504 3533 3536 3535 3534 3537 3538 3542 3545 3544 3543 3549 3548 3551 3550 3547 3546 3553 3554 3557 3563 3565 3564 3567 3566 3562 3561 3560 3559 3558 3556 3555 3552 3569 3570 3574 3580 3582 3581 3583 3585 3591 3590 3589 3588 3587 3586 3584 3592 3593 3599 3598 3597 3596 3595 3594 3608 3607 3606 3610 3613 3612 3628 3627 3626 3625 3624 3623 3622 3621 3620 3630 3629 3644 3648 3647 3652 3651 3650 3655 3654 3656 3659 3658 3662 3666 3669 3668 3667 3665 3664 3663 3672 3674 3675 3676 3677 3679 3678 3673 3671 3681 3682 3683 3685 3686 3684 3688 3687 3690 3691 3692 3689 3693 3698 3699 3702 3701 3704 3703 3700 3705 3707 3710 3709 3711 3718 3720 3722 3721 3725 3724 3728 3736 3739 3743 3744 3742 3741 3740 3738 3747 3748 3750 3749 3752 3751 3754 3753 3746 3755 3757 3756 3745 3758 3763 3765 3764 3771 3773 3774 3777 3776 3775 3781 3788 3789 3790 3787 3792 3791 3786 3785 3784 3783 3782 3780 3779 3778 3772 3770 3769 3768 3767 3766 3762 3761 3760 3759 3794 3797 3800 3799 3803 3802 3801 3812 3813 3815 3816 3817 3818 3814 3811 3810 3809 3820 3821 3822 3823 3824 3825 3826 3819 3808 3828 3831 3832 3838 3837 3836 3835 3834 3840 3839 3844 3843 3845 3846 3847 3842 3841 3849 3852 3851 3850 3848 3853 3857 3858 3865 3867 3866 3864 3869 3873 3872 3871 3870 3868 3887 3886 3885 3884 3883 3889 3890 3891 3898 3900 3899 3902 3905 3910 3914 3915 3913 3912 3917 3916 3911 3909 3922 3924 3925 3930 3931 3929 3932 3933 3936 3937 3938 3935 3939 3941 3940 3934 3942 3928 3927 3926 3944 3945 3951 3954 3964 3966 3967 3970 3972 3973 3971 3979 3978 3982 3981 3980 3977 3976 3984 3988 3987 3986 3985 3993 3994 3992 3991 3990 3996 3999 4002 4004 4005 4008 4014 4013 4012 4011 4016 4015 4010 4009 4018 4024 4023 4022 4026 4029 4028 4031 4032 4030 4034 4036 4035 4038 4037 4039 4040 4043 4045 4046 4044 4042 4048 4049 4051 4052 4050 4047 4041 4053 4058 4057 4059 4060 4063 4064 4062 4061 4066 4065 4067 4069 4068 4056 4055 4071 4072 4070 4054 4074 4073 4076 4075 4077 4079 4080 4078 4081 4083 4085 4084 4082 4087 4092 4094 4093 4091 4090 4089 4088 4096 4097 4098 4099 4100 4095 4102 4104 4103 4105 4107 4108 4106 4109 4101 4086 4033 4027 4025 4021 4020 4019 4017 4007 4006 4003 4001 4000 3998 3997 3995 3989 3983 3975 3974 3969 3968 3965 3963 3962 3961 4112 4111 4113 4121 4120 4119 4124 4123 4122 4118 4117 4116 4115 4114 4110 3960 3959 3958 3957 3956 3955 3953 3952 3950 3949 3948 3947 3946 3943 3923 3921 4127 4139 4140 4149 4152 4164 4163 4162 4172 4173 4174 4176 4183 4184 4182 4181 4180 4179 4186 4188 4187 4185 4189 4193 4194 4196 4198 4197 4201 4203 4204 4202 4200 4199 4195 4192 4191 4190 4178 4177 4175 4171 4170 4169 4168 4167 4166 4165 4161 4160 4159 4158 4157 4156 4155 4154 4153 4151 4150 4148 4147 4146 4145 4144 4143 4142 4141 4138 4137 4136 4135 4134 4133 4132 4131 4130 4129 4128 4126 4125 3920 3919 3918 3908 3907 3906 3904 3903 3901 3897 3896 3895 3894 3893 3892 3888 3882 3881 3880 3879 3878 3877 3876 3875 3874 3863 3862 3861 3860 3859 3856 3855 3854 3833 3830 3829 3827 3807 3806 3805 3804 3798 3796 3795 3793 3737 3735 3734 3733 3732 3731 3730 3729 3727 3726 3723 3719 3717 3716 3715 3714 3713 3712 3708 3706 3697 3696 3695 3694 3680 3670 3661 3660 3657 3653 3649 3646 3645 3643 3642 3641 3640 3639 3638 3637 3636 3635 3634 3633 3632 3631 3619 3618 3617 3616 3615 3614 3611 3609 3605 3604 3603 3602 3601 3600 3579 3578 3577 3576 3575 3573 3572 3571 3568 3541 3540 3539 3532 3531 3530 3529 3528 3527 3502 3501 3500 3499 3498 3497 3496 3494 3491 3490 3488 3487 3486 3485 3484 3483 3481 3480 3478 3477 3474 3473 3471 3470 3469 3468 3467 3465 3464 3463 3462 3459 3458 3457 3456 3455 3454 3453 3452 3451 3450 3449 3443 3387 3386 3385 3382 3353 3351 3350 3349 3348 3347 3346 3345 3344 3340 3339 3338 3337 3336 3335 3334 3333 3332 3330 3329 3327 3323 3318 3317 3314 3313 3312 3311 3310 3309 3308 3306 3305 3304 3303 3301 3300 3299 3298 3297 3296 3295 3294 3293 3285 3284 3283 3282 3281 3062 3061 3060 3059 3057 3056 3055 3054 3053 3052 3051 3049 3047 3046 3045 3044 3043 3041 3040 3039 3038 3036 3035 3034 3033 3031 3030 3029 3027 3025 3024 3023 3021 3000 2999 2998 2993 2992 2991 2989 2983 2977 2975 2974 2973 2972 2971 2970 2969 2968 2967 2966 2965 2964 2963 2961 2954 2951 2950 2949 2948 2947 2946 2945 2944 2943 2929 2928 2927 2926 2925 2924 2923 2922 2921 2920 2918 2917 2916 2915 2914 2911 2908 2907 2906 2905 2904 2903 2902 2901 2900 2892 2891 2890 2888 2887 2876 2875 2874 2873 2872 2871 2870 2869 2868 2867 2866 2863 2862 2861 2859 2857 2855 2837 2836 2834 2833 2832 2826 2825 2824 2823 2822 2821 2820 2818 2817 2816 2814 2813 2812 2811 2808 2807 2806 2805 2803 2801 2800 2799 2798 2796 2795 2794 2758 2757 2754 2753 2751 2750 2749 2748 2747 2745 2744 2743 2742 2739 2738 2737 2736 2735 2734 2733 2732 2731 2728 2727 2726 2725 2724 2722 2715 2714 2713 2712 2711 2710 2709 2708 2707 2706 2705 2704 2703 2702 2700 2697 2696 2693 2687 2686 2685 2684 2683 2682 2681 2680 2666 2665 189 188 185 184 183 180 179 178 177 174 171 170 169 168 167 164 163 162 160 159 158 157 154 153 150 149 148 147 146 145 144 143 142 141 140 139 138 133 131 130 129 128 127 126 125 124 123 122 121 120 118 117 116 114 113 111 110 108 107 103 102 101 100 99 97 90 88 87 86 84 83 81 50 48 47 45 44 43 42 41 40 37 35 32 16 13 12 11 4206 4209 4208 4207 4211 4210 4214 4215 4225 4235 4238 4241 4240 4239 4237 4236 4234 4233 4232 4231 4230 4229 4228 4227 4226 4242 4244 4245 4246 4249 4248 4247 4243 4251 4250 4253 4256 4255 4257 4260 4259 4258 4266 4265 4264 4269 4268 4267 4263 4262 4261 4272 4274 4273 4277 4276 4279 4278 4283 4282 4281 4280 4284 4286 4287 4285 4288 4275 4271 4270 4254 4252 4291 4292 4294 4297 4302 4301 4300 4299 4298 4296 4295 4293 4290 4289 4304 4303 4306 4317 4316 4319 4320 4321 4322 4326 4332 4331 4334 4335 4338 4337 4339 4341 4349 4351 4353 4355 4354 4356 4352 4359 4358 4360 4366 4369 4368 4374 4373 4372 4371 4370 4376 4378 4379 4380 4381 4382 4383 4386 4385 4388 4389 4387 4384 4390 4391 4392 4393 4395 4394 4398 4397 4400 4401 4399 4405 4404 4403 4406 4402 4396 4377 4375 4367 4408 4417 4416 4419 4428 4443 4442 4444 4445 4447 4446 4441 4451 4450 4449 4448 4440 4439 4438 4437 4436 4435 4434 4433 4432 4431 4430 4429 4427 4426 4425 4424 4423 4422 4421 4420 4418 4415 4414 4413 4412 4411 4410 4409 4407 4365 4364 4363 4362 4361 4357 4350 4348 4347 4346 4345 4344 4343 4342 4340 4336 4333 4330 4329 4328 4327 4325 4324 4323 4318 4315 4314 4313 4312 4311 4310 4309 4308 4307 4305 4224 4223 4222 4221 4220 4219 4453 4454 4456 4459 4463 4466 4472 4471 4476 4475 4479 4478 4481 4482 4480 4477 4474 4473 4470 4469 4468 4467 4465 4464 4484 4483 4485 4487 4491 4492 4496 4498 4500 4504 4503 4514 4519 4518 4517 4520 4516 4515 4523 4522 4525 4527 4528 4530 4532 4531 4529 4534 4533 4535 4538 4540 4539 4537 4536 4546 4545 4557 4558 4556 4559 4562 4561 4563 4564 4566 4565 4567 4568 4569 4570 4571 4574 4573 4572 4560 4576 4575 4578 4577 4583 4588 4600 4599 4598 4601 4597 4596 4603 4604 4605 4607 4606 4602 4610 4609 4614 4615 4617 4616 4618 4613 4612 4611 4630 4631 4629 4628 4627 4626 4625 4624 4623 4635 4643 4647 4654 4655 4658 4659 4661 4662 4660 4668 4671 4677 4676 4675 4674 4673 4681 4684 4686 4696 4697 4695 4699 4704 4703 4702 4706 4708 4710 4711 4709 4707 4705 4701 4700 4713 4712 4715 4714 4698 4694 4693 4692 4691 4690 4689 4688 4687 4685 4683 4682 4680 4679 4678 4672 4670 4669 4667 4666 4665 4664 4663 4657 4656 4653 4652 4651 4650 4649 4648 4646 4645 4644 4642 4641 4640 4639 4638 4637 4636 4634 4633 4632 4622 4621 4620 4619 4608 4595 4594 4593 4592 4591 4590 4589 4587 4586 4585 4584 4582 4581 4580 4579 4555 4554 4553 4552 4551 4550 4549 4548 4547 4544 4543 4542 4541 4526 4524 4521 4513 4512 4511 4510 4509 4508 4507 4506 4505 4502 4501 4499 4497 4495 4494 4493 4490 4489 4488 4486 4462 4461 4460 4458 4457 4455 4452 4218 4217 4717 4718 4716 4216 4719 4721 4722 4720 4724 4723 4725 4727 4726 4729 4728 4731 4733 4732 4735 4734 4737 4740 4739 4743 4749 4748 4747 4751 4753 4756 4757 4758 4759 4760 4761 4763 4764 4767 4769 4770 4768 4772 4774 4773 4775 4776 4777 4780 4782 4781 4784 4783 4793 4792 4791 4790 4789 4788 4787 4786 4785 4779 4778 4794 4795 4796 4798 4797 4800 4801 4803 4802 4799 4771 4766 4765 4762 4755 4754 4752 4750 4746 4745 4744 4742 4741 4738 4736 4730 4804 4806 4805 4807 4809 4808 4811 4812 4810 4814 4813 4817 4816 4815 4818 4819 4822 4824 4828 4829 4827 4826 4825 4823 4821 4820 4831 4832 4833 4834 4836 4835 4830 4837 4844 4843 4842 4841 4840 4839 4846 4849 4848 4847 4845 4838 4855 4854 4853 4852 4858 4859 4861 4862 4863 4864 4860 4857 4866 4870 4877 4878 4881 4880 4882 4879 4876 4883 4875 4874 4873 4872 4871 4869 4868 4867 4865 4856 4851 4850 4213 4885 4884 4212 4886 4887 4888 4889 4205 6 4 4891 4892 4894 4895 4897 4896 4893 4899 4909 4910 4919 4920 4923 4925 4924 4922 4927 4928 4929 4933 4932 4931 4930 4926 4921 4918 4917 4916 4915 4914 4913 4912 4911 4908 4935 4934 4937 4939 4942 4941 4943 4944 4964 4963 4962 4961 4960 4959 4958 4957 4956 4955 4954 4953 4952 4951 4950 4949 4948 4947 4946 4945 4940 4938 4936 4907 4966 4968 4967 4965 4970 4971 4972 4973 4975 4974 4969 4906 4905 4904 4976 4978 4977 4979 4981 4982 4983 4984 4980 4903 4902 4901 4900 4898 4988 4989 4987 4986 4985 4991 4990 4994 4993 4995 4992 4996 4890 4997 4998 4999 5000 2

real    10m26.731s
user    10m26.578s
sys     0m0.176s